%YAML:1.0
Lights: !!opencv-matrix
   rows: 14
   cols: 3
   dt: f
   data: [  0.257225, -0.623708, 0.738122,
            0.116323, -0.296385, 0.947958,
            -0.474853, -0.701179, 0.531848,
            -0.782874, -0.51155, 0.354155,
            0.0802404, -0.991758, 0.0998859,
            -0.856816, -0.109365, 0.50389,
            -0.60068, 0.101336, 0.793041,
            -0.949676, 0.179096, 0.256985,
            -0.86155, 0.472693, 0.185184,
            -0.50513, 0.457865, 0.731576,
            -0.485435, 0.843124, 0.231289,
            0.124265, 0.357641, 0.925554,
            0.524054, -0.312629, 0.792231,
            0.963675, -0.182461, 0.195035
            ]


